# contact angle data for file test.avi
0, 117.051414, 116.747960
1, 116.396204, 117.120790
2, 83.891902, 81.857150
3, 113.529122, 116.793233
4, 83.811398, 83.307894
5, 114.486542, 115.200985
6, 83.603436, 87.241801
7, 114.002529, 114.867635
8, 83.658805, 84.703022
9, 113.830775, 113.862233
10, 82.791356, 85.512798
11, 114.778666, 115.648924
12, 84.507026, 85.123467
13, 113.262948, 115.393611
14, 86.906348, 84.638806
15, 113.674850, 115.706480
16, 86.057481, 84.878983
17, 114.057796, 115.386611
18, 86.395473, 85.359495
19, 112.822763, 114.546923
20, 87.339235, 85.062312
21, 113.015173, 115.982832
22, 85.363090, 85.802138
23, 114.414707, 115.120265
24, 87.313948, 86.448381
25, 113.327594, 116.246314
26, 86.948028, 84.840390
27, 114.143824, 114.304167
28, 89.089290, 84.770885
29, 113.515158, 113.285558
30, 87.232827, 86.162371
31, 113.483815, 115.076886
32, 87.987590, 87.834509
33, 113.231448, 113.523083
34, 89.620662, 84.707437
35, 112.352796, 113.254994
36, 87.040611, 87.404289
37, 113.680774, 114.608154
38, 87.998345, 86.201979
39, 113.300617, 115.035942
40, 86.955099, 86.314365
41, 113.847214, 113.290681
42, 88.330677, 88.680614
43, 112.020434, 115.150612
44, 88.773634, 87.931885
45, 114.224128, 113.254994
46, 89.227314, 86.471223
47, 112.408910, 113.168337
48, 88.543028, 88.608530
49, 112.987889, 113.673179
50, 88.418982, 87.960418
51, 112.058717, 114.093269
52, 87.100702, 86.564203
53, 112.646467, 112.733405
54, 89.216341, 86.465022
55, 113.521661, 113.194114
56, 89.407953, 88.484674
57, 114.061124, 113.615964
58, 88.791988, 88.490524
59, 114.855943, 113.707169
60, 90.064363, 88.209601
61, 114.154798, 113.735977
62, 89.450793, 87.504701
63, 113.668187, 113.865968
64, 88.522982, 88.648611
65, 112.991151, 113.773605
66, 89.562851, 87.480428
67, 113.120836, 113.432119
68, 89.366169, 86.632027
69, 113.223230, 111.207332
70, 88.699229, 88.550753
71, 113.743505, 112.707880
72, 89.734076, 88.342041
73, 113.040924, 111.357062
74, 90.019803, 88.583305
75, 112.826432, 114.592205
76, 91.575986, 91.079828
77, 112.228662, 112.321785
78, 89.264531, 89.439162
79, 114.104148, 114.782209
80, 90.488276, 87.965444
81, 112.190654, 114.506521
82, 91.000045, 90.155768
83, 111.991145, 114.239233
84, 90.701386, 89.098747
85, 113.233450, 113.669292
86, 90.958288, 91.234458
87, 112.738086, 111.349109
88, 90.745683, 89.449846
89, 111.460321, 115.078533
90, 92.155173, 90.401186
91, 112.419557, 112.832285
92, 89.394026, 89.429277
93, 110.669425, 114.394351
94, 92.223188, 87.389834
95, 111.098551, 113.379613
96, 90.773763, 89.991616
97, 111.349139, 113.974324
98, 91.419654, 89.379475
99, 113.724762, 113.967838
100, 89.250525, 87.967081
101, 110.739020, 115.056842
102, 92.597464, 89.913964
103, 112.165836, 113.933616
104, 89.535206, 89.678471
105, 113.391957, 113.549478
106, 92.044423, 89.115996
107, 111.001589, 113.301415
108, 91.704820, 89.094366
109, 110.962009, 113.600065
110, 92.343642, 89.146174
111, 110.940645, 113.282092
112, 90.973927, 89.181494
113, 110.698187, 113.115486
114, 91.315730, 89.423685
115, 110.764975, 112.399385
116, 89.767340, 91.342258
117, 111.986031, 113.347867
118, 90.311542, 90.793780
119, 111.413185, 112.038223
120, 89.587753, 89.726468
121, 110.206055, 112.724848
122, 88.694928, 91.101269
123, 111.688079, 113.398022
124, 89.531618, 89.873888
125, 111.019473, 112.332034
126, 93.429750, 90.121786
127, 110.957255, 112.554849
128, 92.016365, 88.916164
129, 112.375578, 111.032295
130, 91.808816, 93.428103
131, 110.033282, 112.767749
132, 90.110852, 91.470735
133, 110.513331, 111.498378
134, 90.261297, 87.939687
135, 111.546353, 110.789753
136, 92.243961, 91.125739
137, 111.433675, 111.888562
138, 90.169887, 90.363519
139, 111.045349, 110.855133
140, 91.442757, 90.671188
141, 112.636351, 112.266206
142, 91.282752, 90.401607
143, 111.386159, 111.042033
144, 90.089916, 90.536764
145, 110.898648, 110.981290
146, 90.368011, 90.467891
147, 110.966206, 111.496477
148, 90.555290, 90.565474
149, 113.305258, 110.952628
150, 92.671145, 92.581766
151, 112.577004, 112.257182
152, 91.769136, 91.662211
153, 111.980152, 110.899565
154, 91.933043, 87.604300
155, 112.998061, 110.683395
156, 91.626899, 88.075962
157, 110.382111, 112.031538
158, 92.146610, 90.006021
159, 111.358550, 110.683395
160, 91.611304, 89.900534
161, 111.748612, 111.681521
162, 92.360524, 89.826367
163, 112.325737, 110.404772
164, 93.747287, 90.062944
165, 111.299180, 110.939721
166, 92.527341, 91.017517
167, 112.412127, 109.678491
168, 90.993932, 92.683997
169, 111.618862, 110.242989
170, 91.851639, 91.465212
171, 110.540868, 110.680101
172, 90.645704, 91.203186
173, 111.804492, 110.656073
174, 91.496352, 89.828562
175, 111.499275, 111.411805
176, 90.417652, 89.574048
177, 111.867941, 112.715175
178, 90.878781, 92.430314
179, 110.893357, 112.302885
180, 89.954613, 93.832413
181, 110.663378, 109.961523
182, 91.397386, 95.427091
183, 111.774778, 110.474776
184, 92.073126, 91.291115
185, 111.548670, 112.008597
186, 94.399827, 93.163377
187, 110.321569, 113.264245
188, 93.555071, 94.078823
189, 111.548670, 112.206174
190, 93.450701, 93.326434
191, 112.304006, 111.625426
192, 95.020221, 93.728782
193, 111.548670, 111.024531
194, 93.325849, 92.166119
195, 110.093068, 111.915454
196, 93.203847, 93.853991
197, 111.608012, 111.774510
198, 92.994070, 92.592812
199, 111.392479, 112.473603
200, 92.621371, 93.748843
201, 112.304006, 112.197312
202, 93.321935, 92.954680
203, 112.223755, 111.625426
204, 91.011206, 92.364893
205, 111.329144, 111.292062
206, 91.665565, 90.165061
207, 111.243760, 110.650225
208, 91.935459, 91.013911
209, 111.095641, 111.353449
210, 92.297252, 90.521796
211, 110.025183, 111.187000
212, 90.798615, 93.553670
213, 111.047172, 110.569362
214, 91.167671, 91.188994
215, 111.523870, 111.429501
216, 90.605251, 94.648460
217, 109.787891, 110.650225
218, 93.412779, 94.628138
219, 113.349679, 110.268617
220, 93.582003, 91.688902
221, 112.146165, 110.830347
222, 92.614279, 95.358684
223, 111.324449, 110.528999
224, 93.661605, 93.623203
225, 113.763675, 111.210740
226, 93.907757, 95.103028
227, 113.012764, 111.320285
228, 93.232943, 92.203656
229, 112.198298, 110.949519
230, 94.462611, 92.485947
231, 112.786889, 110.156303
232, 93.498888, 93.462106
233, 111.400490, 110.411554
234, 93.311735, 92.208758
235, 112.202243, 110.603812
236, 92.911535, 93.671574
237, 112.192022, 110.478323
238, 92.488483, 93.330445
239, 110.627820, 110.341604
240, 92.661659, 90.534055
241, 111.219782, 109.970790
242, 91.352892, 90.898485
243, 111.814230, 110.025217
244, 94.020614, 92.261594
245, 111.994484, 110.768894
246, 90.288628, 90.993387
247, 111.431831, 111.389736
248, 90.870255, 95.086941
249, 111.403029, 111.628294
250, 90.412898, 92.844767
251, 112.552929, 112.183939
252, 89.955687, 95.331409
253, 111.636037, 111.626811
254, 94.814910, 94.532310
255, 112.386486, 111.274866
256, 90.528747, 95.436145
257, 111.497611, 113.449430
258, 92.788105, 94.732795
259, 110.744328, 110.975783
260, 94.152910, 94.466524
261, 110.060843, 112.240625
262, 92.027426, 93.860812
263, 111.314824, 111.882406
264, 93.329816, 93.139875
265, 111.240306, 112.587981
266, 95.186865, 94.241170
267, 111.978713, 111.002663
268, 94.253520, 92.702358
269, 111.526077, 111.002663
270, 94.128382, 93.461425
271, 111.614742, 111.329099
272, 92.979889, 91.398461
273, 111.314824, 111.737849
274, 93.971111, 92.230405
275, 111.117132, 111.389736
276, 92.916600, 90.205516
277, 112.367172, 110.773725
278, 93.159826, 92.607297
279, 111.994484, 111.741143
280, 93.528902, 95.725957
281, 111.734848, 111.741143
282, 93.074467, 95.495916
283, 111.680354, 110.770431
284, 93.754778, 94.655332
285, 110.548349, 110.746508
286, 92.317360, 94.609588
287, 111.786817, 112.238882
288, 92.872628, 94.814534
289, 110.135775, 110.975783
290, 90.998259, 93.892350
291, 110.805072, 112.440248
292, 93.281890, 95.791139
293, 110.005591, 111.389736
294, 92.550353, 95.791139
295, 111.314824, 111.590146
296, 92.157727, 95.898809
297, 109.338649, 111.449824
298, 90.955871, 93.413732
299, 111.101288, 111.593440
300, 92.010941, 92.802171
301, 110.981888, 111.389736
302, 91.696239, 92.627162
303, 109.328952, 111.245740
304, 93.001941, 90.961531
305, 109.930873, 112.784920
306, 95.081781, 93.443686
307, 110.457503, 111.834634
308, 90.530637, 93.284177
309, 110.392979, 111.005957
310, 93.387724, 92.425205
311, 110.120825, 110.344183
312, 94.409668, 94.939656
313, 110.235733, 112.405400
314, 95.321090, 91.949981
315, 111.145369, 110.691648
316, 95.095864, 91.338705
317, 110.208452, 109.876958
318, 94.424196, 93.261521
319, 110.060843, 110.519143
320, 93.740669, 92.467120
321, 107.498000, 112.275807
322, 95.009661, 94.822571
323, 107.098851, 111.886546
324, 94.570085, 95.077979
325, 107.580889, 109.191921
326, 94.161562, 95.182795
327, 109.081548, 110.300902
328, 95.002970, 95.077979
329, 108.133844, 108.840539
330, 93.927334, 96.022813
331, 107.960593, 109.613959
332, 94.115861, 94.904845
333, 109.744455, 109.644907
334, 93.824746, 93.845602
335, 109.708646, 109.205284
336, 92.198304, 94.039405
337, 107.570985, 109.205910
338, 93.555663, 94.133359
339, 108.613672, 109.354366
340, 96.280472, 95.135682
341, 109.556576, 110.466598
342, 92.202010, 92.064022
343, 107.970571, 110.105998
344, 94.512407, 92.577249
345, 109.964172, 110.344637
346, 91.909060, 92.737647
347, 107.867750, 111.176528
348, 94.518061, 91.013501
349, 107.226560, 110.553410
350, 93.816891, 91.663344
351, 106.684814, 110.600878
352, 94.877278, 94.210972
353, 108.747382, 110.887884
354, 93.692446, 93.287910
355, 107.440356, 112.063332
356, 93.577926, 95.617458
357, 108.362754, 111.556718
358, 93.498347, 95.617458
359, 108.362754, 110.801143
360, 94.518989, 95.191253
361, 107.394095, 109.929462
362, 93.625372, 95.432237
363, 108.060092, 109.929462
364, 93.481547, 94.653236
365, 107.969138, 109.891124
366, 91.945817, 94.545731
367, 107.134156, 110.457056
368, 93.458446, 95.608547
369, 110.125645, 109.734948
370, 94.246238, 93.850425
371, 108.269860, 109.786423
372, 92.785676, 94.728301
373, 108.568022, 112.093661
374, 92.519753, 92.243082
375, 109.354945, 111.009453
376, 92.038913, 92.200246
377, 107.337012, 109.381649
378, 92.182533, 92.581348
379, 108.692911, 110.189796
380, 91.840573, 95.309388
381, 106.928049, 112.241164
382, 93.045229, 93.959459
383, 108.993628, 111.184992
384, 92.600214, 91.078986
385, 108.607164, 111.977122
386, 91.263534, 94.390126
387, 108.735939, 111.252540
388, 91.539672, 94.105995
389, 108.060892, 111.130670
390, 96.699292, 93.750040
391, 108.823803, 111.722167
392, 93.165508, 96.096092
393, 108.946240, 111.488102
394, 94.149732, 95.244216
395, 107.875290, 112.025865
396, 96.610800, 95.437149
397, 107.063197, 111.803581
398, 93.079967, 94.078917
399, 108.019787, 110.909602
400, 90.771557, 94.548175
401, 106.457207, 111.488102
402, 92.591645, 94.075271
403, 107.781862, 111.450518
404, 94.871529, 94.962862
405, 108.103112, 111.488102
406, 95.004526, 93.573822
407, 107.727506, 111.675929
408, 94.512402, 95.196165
409, 107.275762, 110.583914
410, 94.193122, 93.101348
411, 106.458557, 112.300787
412, 94.504654, 92.866982
413, 107.590324, 111.565474
414, 94.561188, 91.438009
415, 107.272513, 111.944077
416, 94.872366, 92.491504
417, 106.183184, 111.450518
418, 94.106966, 92.095177
419, 106.189838, 111.073774
420, 94.392812, 94.287348
421, 106.254519, 112.054603
422, 93.670839, 92.995841
423, 106.575914, 112.594677
424, 93.838092, 93.809686
425, 107.271749, 111.443966
426, 92.741221, 94.381501
427, 107.898392, 110.342342
428, 92.566430, 93.574123
429, 106.373676, 110.945852
430, 96.021878, 93.907673
431, 107.579660, 110.706001
432, 95.155660, 89.484876
433, 106.908862, 110.437682
434, 95.597257, 91.156845
435, 107.261046, 112.092378
436, 95.409012, 93.057610
437, 105.117766, 112.092378
438, 93.846931, 91.954590
439, 107.614313, 110.908455
440, 95.153146, 95.096390
441, 106.441201, 108.550273
442, 94.837241, 93.237410
443, 107.289520, 111.060600
444, 94.956033, 93.604236
445, 107.655042, 110.499912
446, 94.657293, 95.144419
447, 106.102119, 110.733781
448, 94.999522, 95.618462
449, 107.358661, 110.346547
450, 94.556184, 94.104004
451, 108.943992, 111.080682
452, 94.556184, 94.772458
453, 107.921965, 110.301550
454, 94.255812, 95.013730
455, 107.261046, 111.346306
456, 95.449919, 93.833164
457, 107.056109, 108.544632
458, 94.631967, 94.555647
459, 107.929552, 109.429477
460, 93.793852, 93.616094
461, 108.073958, 111.540222
462, 93.181729, 95.013730
463, 107.381950, 108.273897
464, 93.768671, 94.674806
465, 106.938024, 107.667754
466, 94.101961, 94.016766
467, 108.648527, 111.430378
468, 94.499650, 92.291051
469, 107.115711, 108.687806
470, 93.867914, 91.386260
471, 108.334659, 109.415133
472, 93.237414, 94.375733
473, 107.363085, 110.462939
474, 93.028718, 93.861853
475, 110.293506, 108.371740
476, 93.470983, 96.028358
477, 108.458341, 107.586856
478, 94.254764, 91.884595
479, 109.678079, 108.459719
480, 92.835686, 96.340478
481, 109.736154, 107.505884
482, 92.361237, 93.862362
483, 108.051587, 109.526996
484, 93.014619, 95.379806
485, 107.775019, 108.896453
486, 94.218230, 96.518985
487, 106.931373, 109.108276
488, 92.564325, 95.643730
489, 106.983506, 109.114067
490, 93.647722, 95.149518
491, 108.987159, 109.283389
492, 92.936199, 95.146957
493, 107.999613, 110.846397
494, 95.800270, 94.972965
495, 109.562967, 109.846618
496, 92.066896, 94.670095
497, 110.770089, 110.297037
498, 92.184152, 94.972965
499, 110.763686, 110.297037
500, 95.789430, 95.018829
501, 111.142472, 109.070460
502, 94.291365, 94.731664
503, 112.545771, 110.449718
504, 94.702214, 92.942186
505, 112.667107, 109.980004
506, 94.551085, 93.855242
507, 112.277946, 110.423934
508, 94.334107, 92.956606
509, 112.948110, 107.991623
510, 93.868689, 93.840079
511, 111.380833, 109.162884
512, 94.991837, 94.767267
513, 113.118913, 110.153808
514, 94.862263, 93.703339
515, 113.634278, 109.166440
516, 94.418737, 91.772525
517, 110.614842, 108.504857
518, 94.994423, 91.845772
519, 111.724603, 109.976448
520, 94.180433, 95.718243
521, 112.858361, 108.088332
522, 94.548499, 95.585450
523, 112.543820, 107.750594
524, 94.991837, 94.358281
525, 114.492752, 109.166440
526, 94.419921, 93.457739
527, 112.556480, 107.745913
528, 93.225527, 96.250257
529, 114.648912, 109.994025
530, 95.014702, 93.002522
531, 112.272550, 108.887940
532, 92.960277, 95.562574
533, 112.166319, 109.366909
534, 93.461846, 94.375418
535, 112.103167, 108.458343
536, 93.902813, 95.152104
537, 111.960682, 109.166440
538, 93.309357, 95.152104
539, 111.823489, 108.233126
540, 91.998483, 95.434473
541, 110.942196, 110.003820
542, 93.503753, 95.147086
543, 110.358651, 110.535430
544, 91.964994, 94.706275
545, 112.227083, 108.259585
546, 94.268567, 94.234154
547, 111.700830, 109.930387
548, 111.708607, 110.179342
549, 111.263646, 107.945793
550, -4.234507, 16.708236
551, 154.800732, 18.392366
552, 4.675833, 4.738553
553, 1.741668, 5.527043
554, -5.004652, 14.526108
